787
2403
8242
1250
9280
6344
6198
8358
7701
9332
7338
7237
9877
9327
4642
8996
317
7212
7247
4141
2424
9547
2557
515
7662
4937
203
2230
1781
7522
8294
8160
7990
7554
4100
1705
1581
1952
4514
3263
4396
248
7071
76
578
9110
1144
1057
596
1844
575
3665
3983
3636
5574
2344
7869
5926
498
9390
3144
56
3021
5800
3857
2687
1389
1894
3571
7969
3769
3114
449
7266
8475
9220
8963
4575
7771
1244
9182
6069
1943
9030
7184
7396
6474
6096
1368
3703
8838
5709
2812
5631
1083
4094
2696
5405
4527
8452
8293
7937
5786
4459
1719
2680
9776
3091
518
4764
8910
834
5667
6001
2615
6057
3953
1631
7603
6408
3320
2986
3075
602
2962
6023
9889
6265
3540
4599
8882
2944
4298
8690
4312
9451
4119
886
3613
1283
6384
9301
418
2414
3838
1374
7605
3364
9145
46
2937
893
5741
8209
6704
2188
4434
9754
5071
8895
2524
4327
467
881
6019
526
3056
9249
7658
9499
3622
8109
1736
4844
2044
3047
1378
7040
2357
8586
3208
9856
2191
8533
793
9251
5174
7918
9176
9257
3000
2720
2974
7210
1866
9315
2358
4630
9779
9732
8476
601
5717
6520
2450
6897
7078
4309
1955
7926
393
1590
4191
1954
501
4443
7424
7993
4526
5297
8239
836
7633
6303
3053
3989
8403
998
8285
5296
9474
6439
732
6630
2633
1769
1355
7013
7462
7916
2252
214
384
9082
2316
3568
6615
5281
4779
6052
4376
731
8291
1929
5254
6448
424
8029
5983
3670
5740
958
5563
4421
8496
6270
7541
4900
7914
6678
8328
3361
9603
8456
8911
7206
1230
6870
5430
2391
3225
9794
4295
1782
8630
1973
9812
1172
8271
7207
2895
1170
2305
5533
5715
7295
2637
2226
8236
9086
7061
9968
5853
4545
6349
1643
9566
6765
9100
7449
9626
3246
5415
4061
1583
4515
5638
4965
4155
2385
5963
3940
6074
8344
265
3760
2752
2072
5587
2095
5156
5759
874
9633
2722
7699
8627
7079
6933
5331
2400
1487
7032
5490
6026
4427
4925
2753
5914
3595
9872
7377
1276
8055
4603
6816
4007
2229
7967
7589
9557
257
6419
6625
7978
3410
8931
2612
6115
6994
3016
5531
5065
3136
9561
551
724
3885
2118
8645
4491
9264
7987
1222
1278
4839
5147
1028
5433
2658
6323
2819
2759
713
5884
5474
5257
1502
2257
2350
1123
760
776
390
7269
5603
6631
5954
4175
4704
7659
6972
4012
852
4905
1843
7456
6982
7000
9636
5272
4945
318
3050
9341
2501
9981
7536
3618
9749
8243
4424
2413
3229
5710
2363
2466
2022
1216
5541
62
471
299
9898
4803
4416
4734
8026
811
938
6920
2495
7112
5111
2145
8898
3469
2177
6616
764
2054
7087
193
3157
6085
2248
2474
3118
5334
8233
5044
1812
3981
2568
3126
6383
709
1589
1995
9287
9415
3396
7351
8608
2405
4195
2898
5773
4281
9976
9818
6016
3786
2221
7876
4753
3441
1219
2389
8771
